 24
  -0.643040  2  1828.000000  0.563211  -1.000000  1570.000000  0.225429  -1.000000 
 0.560000  2  1828.000000  0.563211  -1.000000  1570.000000  0.225429  1.000000 
 -0.809524  2  1828.000000  0.563211  1.000000  1876.000000  0.018803  -1.000000 
 0.780822  2  1828.000000  0.563211  1.000000  1876.000000  0.018803  1.000000 
 0.695060  2  1376.000000  0.151480  1.000000  1331.000000  0.085735  -1.000000 
 -0.528255  2  1376.000000  0.151480  1.000000  1331.000000  0.085735  1.000000 
 -0.536572  2  1376.000000  0.151480  -1.000000  1471.000000  0.159878  -1.000000 
 0.341522  2  1376.000000  0.151480  -1.000000  1471.000000  0.159878  1.000000 
 -0.407142  1  1582.000000  0.051970  1.000000 
 -0.397670  2  1582.000000  0.051970  -1.000000  1068.000000  0.046515  -1.000000 
 0.606456  3  1582.000000  0.051970  -1.000000  1068.000000  0.046515  1.000000  752.000000  0.122675  -1.000000 
 -0.682485  3  1582.000000  0.051970  -1.000000  1068.000000  0.046515  1.000000  752.000000  0.122675  1.000000 
 -0.519629  1  1668.000000  0.072728  1.000000 
 -0.341885  2  1668.000000  0.072728  -1.000000  1467.000000  0.142318  1.000000 
 0.544557  3  1668.000000  0.072728  -1.000000  1467.000000  0.142318  -1.000000  1988.000000  0.168098  -1.000000 
 -0.574456  3  1668.000000  0.072728  -1.000000  1467.000000  0.142318  -1.000000  1988.000000  0.168098  1.000000 
 -0.469914  2  1225.000000  0.088560  1.000000  714.000000  0.150451  -1.000000 
 0.636850  2  1225.000000  0.088560  1.000000  714.000000  0.150451  1.000000 
 -0.611010  2  1225.000000  0.088560  -1.000000  1511.000000  0.045316  -1.000000 
 0.601868  2  1225.000000  0.088560  -1.000000  1511.000000  0.045316  1.000000 
 -0.431246  1  1380.000000  0.070741  1.000000 
 0.489734  2  1380.000000  0.070741  -1.000000  1456.000000  0.067543  -1.000000 
 -0.729882  3  1380.000000  0.070741  -1.000000  1456.000000  0.067543  1.000000  1180.000000  0.219748  -1.000000 
 0.678584  3  1380.000000  0.070741  -1.000000  1456.000000  0.067543  1.000000  1180.000000  0.219748  1.000000 
