 28
  -0.428571  2  1367.000000  0.197297  1.000000  1221.000000  0.079201  -1.000000 
 0.573529  2  1367.000000  0.197297  1.000000  1221.000000  0.079201  1.000000 
 -0.698529  2  1367.000000  0.197297  -1.000000  1241.000000  0.265150  -1.000000 
 0.428571  2  1367.000000  0.197297  -1.000000  1241.000000  0.265150  1.000000 
 -0.644521  2  1676.000000  0.053762  -1.000000  1972.000000  0.092235  -1.000000 
 0.448283  2  1676.000000  0.053762  -1.000000  1972.000000  0.092235  1.000000 
 -0.472408  2  1676.000000  0.053762  1.000000  1637.000000  0.243572  -1.000000 
 0.461786  2  1676.000000  0.053762  1.000000  1637.000000  0.243572  1.000000 
 -0.366571  1  1772.000000  0.069984  -1.000000 
 -0.965632  2  1772.000000  0.069984  1.000000  469.000000  0.041773  -1.000000 
 0.492252  3  1772.000000  0.069984  1.000000  469.000000  0.041773  1.000000  3.000000  0.141695  -1.000000 
 -0.533877  3  1772.000000  0.069984  1.000000  469.000000  0.041773  1.000000  3.000000  0.141695  1.000000 
 0.454045  2  1115.000000  0.097372  1.000000  734.000000  0.078077  -1.000000 
 -0.365411  2  1115.000000  0.097372  1.000000  734.000000  0.078077  1.000000 
 -0.457847  2  1115.000000  0.097372  -1.000000  1174.000000  0.136309  -1.000000 
 0.398625  2  1115.000000  0.097372  -1.000000  1174.000000  0.136309  1.000000 
 -0.489080  2  482.000000  0.067394  -1.000000  715.000000  0.031537  -1.000000 
 0.414124  2  482.000000  0.067394  -1.000000  715.000000  0.031537  1.000000 
 0.336382  2  482.000000  0.067394  1.000000  331.000000  0.035454  -1.000000 
 -0.457078  2  482.000000  0.067394  1.000000  331.000000  0.035454  1.000000 
 -0.337815  2  1201.000000  0.087325  1.000000  934.000000  0.055924  -1.000000 
 0.428826  2  1201.000000  0.087325  1.000000  934.000000  0.055924  1.000000 
 -0.476661  2  1201.000000  0.087325  -1.000000  1030.000000  0.141896  -1.000000 
 0.557276  2  1201.000000  0.087325  -1.000000  1030.000000  0.141896  1.000000 
 -0.477565  2  1711.000000  0.288400  1.000000  1471.000000  0.061498  -1.000000 
 0.569418  2  1711.000000  0.288400  1.000000  1471.000000  0.061498  1.000000 
 0.235881  2  1711.000000  0.288400  -1.000000  1719.000000  0.072074  -1.000000 
 -0.435545  2  1711.000000  0.288400  -1.000000  1719.000000  0.072074  1.000000 
