 24
  0.467626  1  86.000000  0.167528  1.000000 
 0.666667  2  86.000000  0.167528  -1.000000  1925.000000  0.328731  1.000000 
 0.555556  3  86.000000  0.167528  -1.000000  1925.000000  0.328731  -1.000000  1342.000000  0.032839  -1.000000 
 -0.719203  3  86.000000  0.167528  -1.000000  1925.000000  0.328731  -1.000000  1342.000000  0.032839  1.000000 
 -0.612176  1  209.000000  0.101550  1.000000 
 -0.419484  2  209.000000  0.101550  -1.000000  1234.000000  0.153654  1.000000 
 0.664774  3  209.000000  0.101550  -1.000000  1234.000000  0.153654  -1.000000  1224.000000  0.282024  -1.000000 
 -0.750028  3  209.000000  0.101550  -1.000000  1234.000000  0.153654  -1.000000  1224.000000  0.282024  1.000000 
 0.403446  2  1077.000000  0.090402  -1.000000  126.000000  0.070279  -1.000000 
 -0.515396  2  1077.000000  0.090402  -1.000000  126.000000  0.070279  1.000000 
 0.584096  2  1077.000000  0.090402  1.000000  1854.000000  0.265208  -1.000000 
 -0.452924  2  1077.000000  0.090402  1.000000  1854.000000  0.265208  1.000000 
 -0.449646  2  1495.000000  0.091556  1.000000  663.000000  0.135805  -1.000000 
 0.528699  2  1495.000000  0.091556  1.000000  663.000000  0.135805  1.000000 
 0.622517  2  1495.000000  0.091556  -1.000000  681.000000  0.166980  -1.000000 
 -0.555023  2  1495.000000  0.091556  -1.000000  681.000000  0.166980  1.000000 
 -0.484951  2  1388.000000  0.051766  1.000000  1906.000000  0.129572  -1.000000 
 0.456613  2  1388.000000  0.051766  1.000000  1906.000000  0.129572  1.000000 
 0.626908  2  1388.000000  0.051766  -1.000000  2016.000000  0.257373  -1.000000 
 -0.549987  2  1388.000000  0.051766  -1.000000  2016.000000  0.257373  1.000000 
 -0.580782  1  137.000000  0.119278  1.000000 
 0.486614  2  137.000000  0.119278  -1.000000  489.000000  0.090002  -1.000000 
 -0.661996  3  137.000000  0.119278  -1.000000  489.000000  0.090002  1.000000  1502.000000  0.230720  -1.000000 
 0.801826  3  137.000000  0.119278  -1.000000  489.000000  0.090002  1.000000  1502.000000  0.230720  1.000000 
