 24
  0.479675  1  1721.000000  0.269287  1.000000 
 -0.709024  2  1721.000000  0.269287  -1.000000  1502.000000  0.263280  -1.000000 
 0.722222  3  1721.000000  0.269287  -1.000000  1502.000000  0.263280  1.000000  878.000000  0.083699  -1.000000 
 -0.764706  3  1721.000000  0.269287  -1.000000  1502.000000  0.263280  1.000000  878.000000  0.083699  1.000000 
 -0.642630  2  1665.000000  0.264351  -1.000000  1837.000000  0.320617  -1.000000 
 0.332391  2  1665.000000  0.264351  -1.000000  1837.000000  0.320617  1.000000 
 0.647672  2  1665.000000  0.264351  1.000000  1467.000000  0.196985  -1.000000 
 -0.588660  2  1665.000000  0.264351  1.000000  1467.000000  0.196985  1.000000 
 -0.500494  2  1322.000000  0.061890  -1.000000  1241.000000  0.055729  -1.000000 
 0.609915  2  1322.000000  0.061890  -1.000000  1241.000000  0.055729  1.000000 
 0.462061  2  1322.000000  0.061890  1.000000  1340.000000  0.042653  -1.000000 
 -0.640997  2  1322.000000  0.061890  1.000000  1340.000000  0.042653  1.000000 
 -0.623935  2  1370.000000  0.072058  -1.000000  1095.000000  0.046055  -1.000000 
 0.524429  2  1370.000000  0.072058  -1.000000  1095.000000  0.046055  1.000000 
 0.371198  2  1370.000000  0.072058  1.000000  1245.000000  0.035546  -1.000000 
 -0.588394  2  1370.000000  0.072058  1.000000  1245.000000  0.035546  1.000000 
 0.534259  2  354.000000  0.062812  -1.000000  1931.000000  0.098522  -1.000000 
 -0.408795  2  354.000000  0.062812  -1.000000  1931.000000  0.098522  1.000000 
 -0.555180  2  354.000000  0.062812  1.000000  469.000000  0.284906  -1.000000 
 0.464214  2  354.000000  0.062812  1.000000  469.000000  0.284906  1.000000 
 0.517471  2  752.000000  0.061539  -1.000000  576.000000  0.249055  -1.000000 
 -0.722340  2  752.000000  0.061539  -1.000000  576.000000  0.249055  1.000000 
 0.284235  2  752.000000  0.061539  1.000000  1004.000000  0.056273  -1.000000 
 -0.704292  2  752.000000  0.061539  1.000000  1004.000000  0.056273  1.000000 
