 24
  0.654321  1  59.000000  0.215902  1.000000 
 0.527273  2  59.000000  0.215902  -1.000000  1451.000000  0.410993  1.000000 
 -0.690685  3  59.000000  0.215902  -1.000000  1451.000000  0.410993  -1.000000  427.000000  0.191977  -1.000000 
 0.463415  3  59.000000  0.215902  -1.000000  1451.000000  0.410993  -1.000000  427.000000  0.191977  1.000000 
 0.571708  2  1341.000000  0.086334  -1.000000  938.000000  0.127140  -1.000000 
 -0.472235  2  1341.000000  0.086334  -1.000000  938.000000  0.127140  1.000000 
 -0.616654  2  1341.000000  0.086334  1.000000  1174.000000  0.143522  -1.000000 
 0.377029  2  1341.000000  0.086334  1.000000  1174.000000  0.143522  1.000000 
 0.477858  2  1630.000000  0.125047  -1.000000  38.000000  0.146486  -1.000000 
 -0.491361  2  1630.000000  0.125047  -1.000000  38.000000  0.146486  1.000000 
 -0.467145  2  1630.000000  0.125047  1.000000  1158.000000  0.137583  -1.000000 
 0.572531  2  1630.000000  0.125047  1.000000  1158.000000  0.137583  1.000000 
 -0.717865  2  1727.000000  0.045165  -1.000000  366.000000  0.023055  -1.000000 
 0.480913  2  1727.000000  0.045165  -1.000000  366.000000  0.023055  1.000000 
 -0.492108  2  1727.000000  0.045165  1.000000  672.000000  0.116757  -1.000000 
 0.317720  2  1727.000000  0.045165  1.000000  672.000000  0.116757  1.000000 
 -0.309106  2  1234.000000  0.115199  -1.000000  747.000000  0.142551  -1.000000 
 0.484170  2  1234.000000  0.115199  -1.000000  747.000000  0.142551  1.000000 
 0.630235  2  1234.000000  0.115199  1.000000  287.000000  0.027706  -1.000000 
 -0.513015  2  1234.000000  0.115199  1.000000  287.000000  0.027706  1.000000 
 -0.573179  2  1068.000000  0.077781  1.000000  1740.000000  0.040291  -1.000000 
 0.480011  2  1068.000000  0.077781  1.000000  1740.000000  0.040291  1.000000 
 0.387358  2  1068.000000  0.077781  -1.000000  1959.000000  0.015001  -1.000000 
 -0.547779  2  1068.000000  0.077781  -1.000000  1959.000000  0.015001  1.000000 
