 32
  0.789474  2  1646.000000  0.317733  1.000000  1494.000000  0.174977  -1.000000 
 -0.851852  2  1646.000000  0.317733  1.000000  1494.000000  0.174977  1.000000 
 -0.636986  2  1646.000000  0.317733  -1.000000  1250.000000  0.323517  -1.000000 
 0.500000  2  1646.000000  0.317733  -1.000000  1250.000000  0.323517  1.000000 
 -0.459290  2  1702.000000  0.347685  -1.000000  588.000000  0.161487  -1.000000 
 0.520152  2  1702.000000  0.347685  -1.000000  588.000000  0.161487  1.000000 
 0.592595  2  1702.000000  0.347685  1.000000  1630.000000  0.276083  -1.000000 
 -0.682968  2  1702.000000  0.347685  1.000000  1630.000000  0.276083  1.000000 
 0.504336  2  1241.000000  0.108483  1.000000  1574.000000  0.085508  -1.000000 
 -0.404086  2  1241.000000  0.108483  1.000000  1574.000000  0.085508  1.000000 
 0.276149  2  1241.000000  0.108483  -1.000000  1659.000000  0.016631  -1.000000 
 -0.455162  2  1241.000000  0.108483  -1.000000  1659.000000  0.016631  1.000000 
 -0.398292  1  869.000000  0.069460  1.000000 
 -0.448566  2  869.000000  0.069460  -1.000000  958.000000  0.048875  -1.000000 
 0.598306  3  869.000000  0.069460  -1.000000  958.000000  0.048875  1.000000  1370.000000  0.121283  -1.000000 
 -0.443625  3  869.000000  0.069460  -1.000000  958.000000  0.048875  1.000000  1370.000000  0.121283  1.000000 
 0.471898  2  1245.000000  0.064467  -1.000000  1881.000000  0.195480  -1.000000 
 -0.443118  2  1245.000000  0.064467  -1.000000  1881.000000  0.195480  1.000000 
 -0.577673  2  1245.000000  0.064467  1.000000  1637.000000  0.139254  -1.000000 
 0.303711  2  1245.000000  0.064467  1.000000  1637.000000  0.139254  1.000000 
 -0.629399  2  1068.000000  0.117328  1.000000  1800.000000  0.078571  -1.000000 
 0.524361  2  1068.000000  0.117328  1.000000  1800.000000  0.078571  1.000000 
 -0.403187  2  1068.000000  0.117328  -1.000000  1705.000000  0.123814  -1.000000 
 0.381276  2  1068.000000  0.117328  -1.000000  1705.000000  0.123814  1.000000 
 -0.427216  1  1465.000000  0.062505  1.000000 
 -0.589803  2  1465.000000  0.062505  -1.000000  1359.000000  0.224437  1.000000 
 0.506948  3  1465.000000  0.062505  -1.000000  1359.000000  0.224437  -1.000000  1812.000000  0.123164  -1.000000 
 -0.708202  3  1465.000000  0.062505  -1.000000  1359.000000  0.224437  -1.000000  1812.000000  0.123164  1.000000 
 -0.477983  2  1186.000000  0.060283  -1.000000  1201.000000  0.050297  -1.000000 
 0.485366  2  1186.000000  0.060283  -1.000000  1201.000000  0.050297  1.000000 
 -0.410513  2  1186.000000  0.060283  1.000000  571.000000  0.160411  -1.000000 
 0.446287  2  1186.000000  0.060283  1.000000  571.000000  0.160411  1.000000 
