 24
  0.605263  1  1586.000000  0.358187  1.000000 
 0.619048  2  1586.000000  0.358187  -1.000000  130.000000  0.173781  1.000000 
 -0.663823  3  1586.000000  0.358187  -1.000000  130.000000  0.173781  -1.000000  444.000000  0.290306  -1.000000 
 0.840000  3  1586.000000  0.358187  -1.000000  130.000000  0.173781  -1.000000  444.000000  0.290306  1.000000 
 0.444852  2  1466.000000  0.045600  -1.000000  964.000000  0.227949  -1.000000 
 -0.564535  2  1466.000000  0.045600  -1.000000  964.000000  0.227949  1.000000 
 -0.480027  2  1466.000000  0.045600  1.000000  436.000000  0.182643  -1.000000 
 0.689959  2  1466.000000  0.045600  1.000000  436.000000  0.182643  1.000000 
 0.393242  2  1313.000000  0.072836  -1.000000  449.000000  0.143230  -1.000000 
 -0.586409  2  1313.000000  0.072836  -1.000000  449.000000  0.143230  1.000000 
 -0.632348  2  1313.000000  0.072836  1.000000  1480.000000  0.159110  -1.000000 
 0.508679  2  1313.000000  0.072836  1.000000  1480.000000  0.159110  1.000000 
 0.597218  2  1106.000000  0.113646  1.000000  1206.000000  0.100503  -1.000000 
 -0.218631  2  1106.000000  0.113646  1.000000  1206.000000  0.100503  1.000000 
 -0.481948  2  1106.000000  0.113646  -1.000000  1276.000000  0.108825  -1.000000 
 0.334265  2  1106.000000  0.113646  -1.000000  1276.000000  0.108825  1.000000 
 -0.479424  2  870.000000  0.046326  1.000000  1730.000000  0.201105  -1.000000 
 0.437448  2  870.000000  0.046326  1.000000  1730.000000  0.201105  1.000000 
 -0.421269  2  870.000000  0.046326  -1.000000  934.000000  0.033904  -1.000000 
 0.481151  2  870.000000  0.046326  -1.000000  934.000000  0.033904  1.000000 
 0.427509  2  14.000000  0.082376  1.000000  699.000000  0.188664  -1.000000 
 -0.868094  2  14.000000  0.082376  1.000000  699.000000  0.188664  1.000000 
 -0.484118  2  14.000000  0.082376  -1.000000  339.000000  0.130900  -1.000000 
 0.749060  2  14.000000  0.082376  -1.000000  339.000000  0.130900  1.000000 
