 24
  0.675000  1  1460.000000  0.337348  1.000000 
 0.925926  2  1460.000000  0.337348  -1.000000  502.000000  0.272952  1.000000 
 -0.672978  3  1460.000000  0.337348  -1.000000  502.000000  0.272952  -1.000000  645.000000  0.202633  -1.000000 
 0.391304  3  1460.000000  0.337348  -1.000000  502.000000  0.272952  -1.000000  645.000000  0.202633  1.000000 
 0.494157  2  1077.000000  0.072603  1.000000  1022.000000  0.105218  -1.000000 
 -0.350853  2  1077.000000  0.072603  1.000000  1022.000000  0.105218  1.000000 
 -0.706519  2  1077.000000  0.072603  -1.000000  1395.000000  0.287593  -1.000000 
 0.226360  2  1077.000000  0.072603  -1.000000  1395.000000  0.287593  1.000000 
 -0.693463  2  505.000000  0.133043  -1.000000  1605.000000  0.043220  -1.000000 
 0.451281  2  505.000000  0.133043  -1.000000  1605.000000  0.043220  1.000000 
 -0.590197  2  505.000000  0.133043  1.000000  1865.000000  0.241608  -1.000000 
 0.482041  2  505.000000  0.133043  1.000000  1865.000000  0.241608  1.000000 
 -0.422802  2  1593.000000  0.091499  1.000000  822.000000  0.161754  -1.000000 
 0.428144  2  1593.000000  0.091499  1.000000  822.000000  0.161754  1.000000 
 0.464633  2  1593.000000  0.091499  -1.000000  1667.000000  0.097975  -1.000000 
 -0.467800  2  1593.000000  0.091499  -1.000000  1667.000000  0.097975  1.000000 
 -0.399534  1  445.000000  0.050962  -1.000000 
 -0.456747  2  445.000000  0.050962  1.000000  75.000000  0.104051  1.000000 
 0.598449  3  445.000000  0.050962  1.000000  75.000000  0.104051  -1.000000  744.000000  0.072852  -1.000000 
 -0.265948  3  445.000000  0.050962  1.000000  75.000000  0.104051  -1.000000  744.000000  0.072852  1.000000 
 0.499428  2  492.000000  0.047522  1.000000  615.000000  0.067725  -1.000000 
 -0.255271  2  492.000000  0.047522  1.000000  615.000000  0.067725  1.000000 
 -0.583695  2  492.000000  0.047522  -1.000000  1800.000000  0.392289  -1.000000 
 0.502550  2  492.000000  0.047522  -1.000000  1800.000000  0.392289  1.000000 
