 28
  -0.487179  2  1366.000000  0.185817  1.000000  1241.000000  0.104773  -1.000000 
 0.730337  2  1366.000000  0.185817  1.000000  1241.000000  0.104773  1.000000 
 -0.649306  2  1366.000000  0.185817  -1.000000  190.000000  0.540842  -1.000000 
 0.485714  2  1366.000000  0.185817  -1.000000  190.000000  0.540842  1.000000 
 -0.483517  1  1097.000000  0.076683  -1.000000 
 -0.456441  2  1097.000000  0.076683  1.000000  1629.000000  0.200325  1.000000 
 0.551330  3  1097.000000  0.076683  1.000000  1629.000000  0.200325  -1.000000  1957.000000  0.126873  -1.000000 
 -0.542143  3  1097.000000  0.076683  1.000000  1629.000000  0.200325  -1.000000  1957.000000  0.126873  1.000000 
 -0.505151  1  414.000000  0.057517  -1.000000 
 0.394132  2  414.000000  0.057517  1.000000  1881.000000  0.155722  -1.000000 
 -0.536864  3  414.000000  0.057517  1.000000  1881.000000  0.155722  1.000000  1085.000000  0.157521  -1.000000 
 0.438077  3  414.000000  0.057517  1.000000  1881.000000  0.155722  1.000000  1085.000000  0.157521  1.000000 
 -0.360945  1  791.000000  0.082136  -1.000000 
 -0.566210  2  791.000000  0.082136  1.000000  1131.000000  0.020309  -1.000000 
 -0.525577  3  791.000000  0.082136  1.000000  1131.000000  0.020309  1.000000  1887.000000  0.014614  -1.000000 
 0.472479  3  791.000000  0.082136  1.000000  1131.000000  0.020309  1.000000  1887.000000  0.014614  1.000000 
 -0.436636  2  1949.000000  0.022357  1.000000  1325.000000  0.201747  -1.000000 
 0.292202  2  1949.000000  0.022357  1.000000  1325.000000  0.201747  1.000000 
 0.526329  2  1949.000000  0.022357  -1.000000  1506.000000  0.082882  -1.000000 
 -0.464950  2  1949.000000  0.022357  -1.000000  1506.000000  0.082882  1.000000 
 0.324934  2  1550.000000  0.068763  1.000000  1566.000000  0.079679  -1.000000 
 -0.535585  2  1550.000000  0.068763  1.000000  1566.000000  0.079679  1.000000 
 -0.464138  2  1550.000000  0.068763  -1.000000  1325.000000  0.042193  -1.000000 
 0.482967  2  1550.000000  0.068763  -1.000000  1325.000000  0.042193  1.000000 
 -0.413742  1  860.000000  0.088985  1.000000 
 -0.331980  2  860.000000  0.088985  -1.000000  985.000000  0.039359  -1.000000 
 -0.461416  3  860.000000  0.088985  -1.000000  985.000000  0.039359  1.000000  1907.000000  0.036063  -1.000000 
 0.532032  3  860.000000  0.088985  -1.000000  985.000000  0.039359  1.000000  1907.000000  0.036063  1.000000 
