 20
  -0.673694  1  1511.000000  0.213255  -1.000000 
 0.718519  2  1511.000000  0.213255  1.000000  752.000000  0.063643  -1.000000 
 -0.783784  3  1511.000000  0.213255  1.000000  752.000000  0.063643  1.000000  1720.000000  0.221053  -1.000000 
 0.733333  3  1511.000000  0.213255  1.000000  752.000000  0.063643  1.000000  1720.000000  0.221053  1.000000 
 -0.524713  2  933.000000  0.119358  -1.000000  1095.000000  0.136381  -1.000000 
 0.333644  2  933.000000  0.119358  -1.000000  1095.000000  0.136381  1.000000 
 -0.540510  2  933.000000  0.119358  1.000000  1181.000000  0.065136  -1.000000 
 0.667960  2  933.000000  0.119358  1.000000  1181.000000  0.065136  1.000000 
 -0.512904  1  1448.000000  0.067214  1.000000 
 0.491289  2  1448.000000  0.067214  -1.000000  1097.000000  0.059132  1.000000 
 -0.638309  3  1448.000000  0.067214  -1.000000  1097.000000  0.059132  -1.000000  1115.000000  0.104117  -1.000000 
 0.669739  3  1448.000000  0.067214  -1.000000  1097.000000  0.059132  -1.000000  1115.000000  0.104117  1.000000 
 0.477340  2  1850.000000  0.073928  -1.000000  1476.000000  0.163559  -1.000000 
 -0.423236  2  1850.000000  0.073928  -1.000000  1476.000000  0.163559  1.000000 
 -0.678164  2  1850.000000  0.073928  1.000000  1665.000000  0.323951  -1.000000 
 0.435961  2  1850.000000  0.073928  1.000000  1665.000000  0.323951  1.000000 
 -0.469559  2  1441.000000  0.220875  -1.000000  1010.000000  0.199774  -1.000000 
 0.558762  2  1441.000000  0.220875  -1.000000  1010.000000  0.199774  1.000000 
 0.626166  2  1441.000000  0.220875  1.000000  1630.000000  0.241053  -1.000000 
 -0.668749  2  1441.000000  0.220875  1.000000  1630.000000  0.241053  1.000000 
