 12
  0.826667  1  1460.000000  0.201618  1.000000 
 0.545455  2  1460.000000  0.201618  -1.000000  1511.000000  0.211692  1.000000 
 0.297297  3  1460.000000  0.201618  -1.000000  1511.000000  0.211692  -1.000000  1688.000000  0.014588  -1.000000 
 -0.876371  3  1460.000000  0.201618  -1.000000  1511.000000  0.211692  -1.000000  1688.000000  0.014588  1.000000 
 -0.455128  2  1940.000000  0.051410  -1.000000  1356.000000  0.031404  -1.000000 
 0.706633  2  1940.000000  0.051410  -1.000000  1356.000000  0.031404  1.000000 
 -0.784454  2  1940.000000  0.051410  1.000000  1702.000000  0.305824  -1.000000 
 0.472386  2  1940.000000  0.051410  1.000000  1702.000000  0.305824  1.000000 
 0.695240  2  734.000000  0.074297  -1.000000  1448.000000  0.083861  -1.000000 
 -0.360788  2  734.000000  0.074297  -1.000000  1448.000000  0.083861  1.000000 
 0.555738  2  734.000000  0.074297  1.000000  761.000000  0.042459  -1.000000 
 -0.830906  2  734.000000  0.074297  1.000000  761.000000  0.042459  1.000000 
