 24
  0.666667  2  1781.000000  0.232997  1.000000  1942.000000  0.092963  -1.000000 
 -0.674419  2  1781.000000  0.232997  1.000000  1942.000000  0.092963  1.000000 
 -0.646544  2  1781.000000  0.232997  -1.000000  1828.000000  0.700783  -1.000000 
 0.575758  2  1781.000000  0.232997  -1.000000  1828.000000  0.700783  1.000000 
 -0.470904  1  1235.000000  0.063124  1.000000 
 -0.717037  2  1235.000000  0.063124  -1.000000  1602.000000  0.203085  1.000000 
 -0.891179  3  1235.000000  0.063124  -1.000000  1602.000000  0.203085  -1.000000  1336.000000  0.026585  -1.000000 
 0.578071  3  1235.000000  0.063124  -1.000000  1602.000000  0.203085  -1.000000  1336.000000  0.026585  1.000000 
 0.338304  2  1972.000000  0.182449  -1.000000  1440.000000  0.051456  -1.000000 
 -0.609932  2  1972.000000  0.182449  -1.000000  1440.000000  0.051456  1.000000 
 -0.823304  2  1972.000000  0.182449  1.000000  1741.000000  0.022508  -1.000000 
 0.488796  2  1972.000000  0.182449  1.000000  1741.000000  0.022508  1.000000 
 -0.474844  2  958.000000  0.100928  -1.000000  1076.000000  0.180370  -1.000000 
 0.363917  2  958.000000  0.100928  -1.000000  1076.000000  0.180370  1.000000 
 0.519513  2  958.000000  0.100928  1.000000  743.000000  0.094192  -1.000000 
 -0.532805  2  958.000000  0.100928  1.000000  743.000000  0.094192  1.000000 
 -0.411492  1  1898.000000  0.058475  -1.000000 
 -0.387483  2  1898.000000  0.058475  1.000000  1583.000000  0.076468  1.000000 
 0.554029  3  1898.000000  0.058475  1.000000  1583.000000  0.076468  -1.000000  1859.000000  0.134078  -1.000000 
 -0.623071  3  1898.000000  0.058475  1.000000  1583.000000  0.076468  -1.000000  1859.000000  0.134078  1.000000 
 -0.625630  2  1668.000000  0.045615  -1.000000  1037.000000  0.040887  -1.000000 
 0.454036  2  1668.000000  0.045615  -1.000000  1037.000000  0.040887  1.000000 
 -0.564144  2  1668.000000  0.045615  1.000000  782.000000  0.158515  -1.000000 
 0.500311  2  1668.000000  0.045615  1.000000  782.000000  0.158515  1.000000 
