 24
  -0.571429  2  1376.000000  0.289037  1.000000  1085.000000  0.088134  -1.000000 
 0.700000  2  1376.000000  0.289037  1.000000  1085.000000  0.088134  1.000000 
 -0.637946  2  1376.000000  0.289037  -1.000000  181.000000  0.510654  -1.000000 
 0.363636  2  1376.000000  0.289037  -1.000000  181.000000  0.510654  1.000000 
 -0.437400  1  2013.000000  0.045390  -1.000000 
 -0.582324  2  2013.000000  0.045390  1.000000  1751.000000  0.190249  1.000000 
 -0.822239  3  2013.000000  0.045390  1.000000  1751.000000  0.190249  -1.000000  79.000000  0.007211  -1.000000 
 0.675147  3  2013.000000  0.045390  1.000000  1751.000000  0.190249  -1.000000  79.000000  0.007211  1.000000 
 -0.550771  2  1365.000000  0.086182  1.000000  235.000000  0.032268  -1.000000 
 0.483111  2  1365.000000  0.086182  1.000000  235.000000  0.032268  1.000000 
 -0.439944  2  1365.000000  0.086182  -1.000000  1470.000000  0.216755  -1.000000 
 0.453997  2  1365.000000  0.086182  -1.000000  1470.000000  0.216755  1.000000 
 -0.346582  1  1338.000000  0.066226  -1.000000 
 -0.642898  2  1338.000000  0.066226  1.000000  1073.000000  0.022738  -1.000000 
 0.552203  3  1338.000000  0.066226  1.000000  1073.000000  0.022738  1.000000  1148.000000  0.144420  -1.000000 
 -0.524151  3  1338.000000  0.066226  1.000000  1073.000000  0.022738  1.000000  1148.000000  0.144420  1.000000 
 -0.288664  1  133.000000  0.083498  1.000000 
 -0.550101  2  133.000000  0.083498  -1.000000  896.000000  0.102924  1.000000 
 -0.595322  3  133.000000  0.083498  -1.000000  896.000000  0.102924  -1.000000  1743.000000  0.014249  -1.000000 
 0.574078  3  133.000000  0.083498  -1.000000  896.000000  0.102924  -1.000000  1743.000000  0.014249  1.000000 
 -0.457173  2  949.000000  0.090787  -1.000000  1702.000000  0.506133  -1.000000 
 0.595998  2  949.000000  0.090787  -1.000000  1702.000000  0.506133  1.000000 
 0.489515  2  949.000000  0.090787  1.000000  30.000000  0.118899  -1.000000 
 -0.442268  2  949.000000  0.090787  1.000000  30.000000  0.118899  1.000000 
