 20
  0.770992  2  1325.000000  0.207310  1.000000  1532.000000  0.113238  -1.000000 
 -0.527273  2  1325.000000  0.207310  1.000000  1532.000000  0.113238  1.000000 
 -0.748332  2  1325.000000  0.207310  -1.000000  1471.000000  0.175454  -1.000000 
 0.350000  2  1325.000000  0.207310  -1.000000  1471.000000  0.175454  1.000000 
 -0.649019  2  1958.000000  0.027958  1.000000  1711.000000  0.334542  -1.000000 
 0.326466  2  1958.000000  0.027958  1.000000  1711.000000  0.334542  1.000000 
 0.683698  2  1958.000000  0.027958  -1.000000  1601.000000  0.085054  -1.000000 
 -0.523698  2  1958.000000  0.027958  -1.000000  1601.000000  0.085054  1.000000 
 0.738976  2  1511.000000  0.136325  1.000000  1583.000000  0.113026  -1.000000 
 -0.467456  2  1511.000000  0.136325  1.000000  1583.000000  0.113026  1.000000 
 -0.465047  2  1511.000000  0.136325  -1.000000  1568.000000  0.233275  -1.000000 
 0.417321  2  1511.000000  0.136325  -1.000000  1568.000000  0.233275  1.000000 
 0.518552  2  604.000000  0.143773  1.000000  496.000000  0.265685  -1.000000 
 -0.622157  2  604.000000  0.143773  1.000000  496.000000  0.265685  1.000000 
 -0.824824  2  604.000000  0.143773  -1.000000  721.000000  0.153119  -1.000000 
 0.272610  2  604.000000  0.143773  -1.000000  721.000000  0.153119  1.000000 
 -0.498566  2  1206.000000  0.091009  1.000000  571.000000  0.176629  -1.000000 
 0.559691  2  1206.000000  0.091009  1.000000  571.000000  0.176629  1.000000 
 0.685502  2  1206.000000  0.091009  -1.000000  1004.000000  0.088724  -1.000000 
 -0.370200  2  1206.000000  0.091009  -1.000000  1004.000000  0.088724  1.000000 
