 28
  -0.609959  2  1511.000000  0.368178  -1.000000  1963.000000  0.725027  -1.000000 
 0.586207  2  1511.000000  0.368178  -1.000000  1963.000000  0.725027  1.000000 
 0.827586  2  1511.000000  0.368178  1.000000  1022.000000  0.095526  -1.000000 
 -0.652174  2  1511.000000  0.368178  1.000000  1022.000000  0.095526  1.000000 
 0.403365  1  1316.000000  0.194741  1.000000 
 -0.410646  2  1316.000000  0.194741  -1.000000  595.000000  0.283803  -1.000000 
 0.540577  3  1316.000000  0.194741  -1.000000  595.000000  0.283803  1.000000  1523.000000  0.087910  -1.000000 
 -0.518049  3  1316.000000  0.194741  -1.000000  595.000000  0.283803  1.000000  1523.000000  0.087910  1.000000 
 -0.433761  1  1532.000000  0.083792  1.000000 
 -0.408220  2  1532.000000  0.083792  -1.000000  2009.000000  0.039398  -1.000000 
 -0.596462  3  1532.000000  0.083792  -1.000000  2009.000000  0.039398  1.000000  798.000000  0.026767  -1.000000 
 0.529935  3  1532.000000  0.083792  -1.000000  2009.000000  0.039398  1.000000  798.000000  0.026767  1.000000 
 -0.356309  1  1220.000000  0.106711  -1.000000 
 -0.538173  2  1220.000000  0.106711  1.000000  1336.000000  0.043780  -1.000000 
 0.566803  3  1220.000000  0.106711  1.000000  1336.000000  0.043780  1.000000  1022.000000  0.156312  -1.000000 
 -0.821915  3  1220.000000  0.106711  1.000000  1336.000000  0.043780  1.000000  1022.000000  0.156312  1.000000 
 -0.466188  2  1004.000000  0.075666  -1.000000  1501.000000  0.043914  -1.000000 
 0.403711  2  1004.000000  0.075666  -1.000000  1501.000000  0.043914  1.000000 
 0.300825  2  1004.000000  0.075666  1.000000  1254.000000  0.033393  -1.000000 
 -0.622509  2  1004.000000  0.075666  1.000000  1254.000000  0.033393  1.000000 
 -0.364227  2  1693.000000  0.242548  -1.000000  1585.000000  0.336239  -1.000000 
 0.558008  2  1693.000000  0.242548  -1.000000  1585.000000  0.336239  1.000000 
 -0.402135  2  1693.000000  0.242548  1.000000  1606.000000  0.043066  -1.000000 
 0.528943  2  1693.000000  0.242548  1.000000  1606.000000  0.043066  1.000000 
 0.602541  2  1179.000000  0.108915  1.000000  1261.000000  0.059780  -1.000000 
 -0.436769  2  1179.000000  0.108915  1.000000  1261.000000  0.059780  1.000000 
 0.615047  2  1179.000000  0.108915  -1.000000  745.000000  0.071799  -1.000000 
 -0.535924  2  1179.000000  0.108915  -1.000000  745.000000  0.071799  1.000000 
