 36
  0.676768  2  1646.000000  0.280772  1.000000  1835.000000  0.163738  -1.000000 
 -0.875000  2  1646.000000  0.280772  1.000000  1835.000000  0.163738  1.000000 
 -0.645415  2  1646.000000  0.280772  -1.000000  316.000000  0.529449  -1.000000 
 0.384615  2  1646.000000  0.280772  -1.000000  316.000000  0.529449  1.000000 
 -0.719672  2  1106.000000  0.140578  1.000000  959.000000  0.050427  -1.000000 
 0.559374  2  1106.000000  0.140578  1.000000  959.000000  0.050427  1.000000 
 -0.407188  2  1106.000000  0.140578  -1.000000  1521.000000  0.456779  -1.000000 
 0.475473  2  1106.000000  0.140578  -1.000000  1521.000000  0.456779  1.000000 
 -0.364188  2  1190.000000  0.111830  1.000000  1202.000000  0.068823  -1.000000 
 0.522074  2  1190.000000  0.111830  1.000000  1202.000000  0.068823  1.000000 
 -0.439674  2  1190.000000  0.111830  -1.000000  1037.000000  0.141639  -1.000000 
 0.281949  2  1190.000000  0.111830  -1.000000  1037.000000  0.141639  1.000000 
 -0.363795  1  1371.000000  0.068341  1.000000 
 -0.435118  2  1371.000000  0.068341  -1.000000  949.000000  0.057245  -1.000000 
 0.515171  3  1371.000000  0.068341  -1.000000  949.000000  0.057245  1.000000  2003.000000  0.143475  -1.000000 
 -0.487227  3  1371.000000  0.068341  -1.000000  949.000000  0.057245  1.000000  2003.000000  0.143475  1.000000 
 -0.435317  2  617.000000  0.066466  -1.000000  456.000000  0.025997  -1.000000 
 0.412931  2  617.000000  0.066466  -1.000000  456.000000  0.025997  1.000000 
 0.405529  2  617.000000  0.066466  1.000000  466.000000  0.043979  -1.000000 
 -0.621146  2  617.000000  0.066466  1.000000  466.000000  0.043979  1.000000 
 0.418262  2  1439.000000  0.061080  -1.000000  1658.000000  0.118602  -1.000000 
 -0.421209  2  1439.000000  0.061080  -1.000000  1658.000000  0.118602  1.000000 
 -0.500601  2  1439.000000  0.061080  1.000000  447.000000  0.162819  -1.000000 
 0.551178  2  1439.000000  0.061080  1.000000  447.000000  0.162819  1.000000 
 0.514655  2  480.000000  0.051910  -1.000000  1252.000000  0.208994  -1.000000 
 -0.445888  2  480.000000  0.051910  -1.000000  1252.000000  0.208994  1.000000 
 -0.392132  2  480.000000  0.051910  1.000000  510.000000  0.166335  -1.000000 
 0.439749  2  480.000000  0.051910  1.000000  510.000000  0.166335  1.000000 
 -0.383629  1  466.000000  0.081291  1.000000 
 -0.527307  2  466.000000  0.081291  -1.000000  1231.000000  0.037086  -1.000000 
 -0.410721  3  466.000000  0.081291  -1.000000  1231.000000  0.037086  1.000000  1734.000000  0.017716  -1.000000 
 0.467127  3  466.000000  0.081291  -1.000000  1231.000000  0.037086  1.000000  1734.000000  0.017716  1.000000 
 -0.365881  1  1718.000000  0.057278  1.000000 
 -0.793776  2  1718.000000  0.057278  -1.000000  1894.000000  0.017978  -1.000000 
 0.483248  3  1718.000000  0.057278  -1.000000  1894.000000  0.017978  1.000000  1947.000000  0.187351  -1.000000 
 -0.840174  3  1718.000000  0.057278  -1.000000  1894.000000  0.017978  1.000000  1947.000000  0.187351  1.000000 
