 16
  0.653846  1  1595.000000  0.206024  1.000000 
 0.518519  2  1595.000000  0.206024  -1.000000  1597.000000  0.184331  1.000000 
 -0.783380  3  1595.000000  0.206024  -1.000000  1597.000000  0.184331  -1.000000  1442.000000  0.312390  -1.000000 
 0.705882  3  1595.000000  0.206024  -1.000000  1597.000000  0.184331  -1.000000  1442.000000  0.312390  1.000000 
 -0.768124  2  1805.000000  0.043121  1.000000  1711.000000  0.342326  -1.000000 
 0.351963  2  1805.000000  0.043121  1.000000  1711.000000  0.342326  1.000000 
 -0.635468  2  1805.000000  0.043121  -1.000000  1230.000000  0.037935  -1.000000 
 0.668126  2  1805.000000  0.043121  -1.000000  1230.000000  0.037935  1.000000 
 -0.804325  2  1447.000000  0.057884  -1.000000  1606.000000  0.022360  -1.000000 
 0.550775  2  1447.000000  0.057884  -1.000000  1606.000000  0.022360  1.000000 
 -0.717441  2  1447.000000  0.057884  1.000000  1972.000000  0.381301  -1.000000 
 0.429391  2  1447.000000  0.057884  1.000000  1972.000000  0.381301  1.000000 
 0.584934  2  1389.000000  0.067408  -1.000000  1323.000000  0.166545  -1.000000 
 -0.365272  2  1389.000000  0.067408  -1.000000  1323.000000  0.166545  1.000000 
 -0.694671  2  1389.000000  0.067408  1.000000  1357.000000  0.156179  -1.000000 
 0.560477  2  1389.000000  0.067408  1.000000  1357.000000  0.156179  1.000000 
