 32
  0.302326  2  1316.000000  0.176751  -1.000000  1825.000000  0.011863  -1.000000 
 -0.544204  2  1316.000000  0.176751  -1.000000  1825.000000  0.011863  1.000000 
 0.511364  2  1316.000000  0.176751  1.000000  1630.000000  0.216804  -1.000000 
 -0.545455  2  1316.000000  0.176751  1.000000  1630.000000  0.216804  1.000000 
 0.447822  2  1379.000000  0.054837  -1.000000  314.000000  0.129287  -1.000000 
 -0.410258  2  1379.000000  0.054837  -1.000000  314.000000  0.129287  1.000000 
 -0.581484  2  1379.000000  0.054837  1.000000  1800.000000  0.285851  -1.000000 
 0.268357  2  1379.000000  0.054837  1.000000  1800.000000  0.285851  1.000000 
 0.452599  2  1709.000000  0.061928  -1.000000  1369.000000  0.185837  -1.000000 
 -0.431984  2  1709.000000  0.061928  -1.000000  1369.000000  0.185837  1.000000 
 -0.441222  2  1709.000000  0.061928  1.000000  696.000000  0.163680  -1.000000 
 0.564689  2  1709.000000  0.061928  1.000000  696.000000  0.163680  1.000000 
 0.499557  2  1251.000000  0.157032  1.000000  1359.000000  0.181201  -1.000000 
 -0.388430  2  1251.000000  0.157032  1.000000  1359.000000  0.181201  1.000000 
 -0.474464  2  1251.000000  0.157032  -1.000000  799.000000  0.149568  -1.000000 
 0.455419  2  1251.000000  0.157032  -1.000000  799.000000  0.149568  1.000000 
 -0.422721  2  1740.000000  0.085922  1.000000  1837.000000  0.114160  -1.000000 
 0.482853  2  1740.000000  0.085922  1.000000  1837.000000  0.114160  1.000000 
 0.435804  2  1740.000000  0.085922  -1.000000  1304.000000  0.033298  -1.000000 
 -0.491495  2  1740.000000  0.085922  -1.000000  1304.000000  0.033298  1.000000 
 -0.376811  2  19.000000  0.099651  1.000000  1552.000000  0.125098  -1.000000 
 0.448459  2  19.000000  0.099651  1.000000  1552.000000  0.125098  1.000000 
 0.591620  2  19.000000  0.099651  -1.000000  1122.000000  0.120417  -1.000000 
 -0.373730  2  19.000000  0.099651  -1.000000  1122.000000  0.120417  1.000000 
 0.390701  2  1589.000000  0.093759  -1.000000  1197.000000  0.238377  -1.000000 
 -0.690582  2  1589.000000  0.093759  -1.000000  1197.000000  0.238377  1.000000 
 -0.572163  2  1589.000000  0.093759  1.000000  884.000000  0.160681  -1.000000 
 0.531703  2  1589.000000  0.093759  1.000000  884.000000  0.160681  1.000000 
 0.460324  2  1541.000000  0.055514  1.000000  44.000000  0.029345  -1.000000 
 -0.422710  2  1541.000000  0.055514  1.000000  44.000000  0.029345  1.000000 
 0.504607  2  1541.000000  0.055514  -1.000000  1099.000000  0.171067  -1.000000 
 -0.609430  2  1541.000000  0.055514  -1.000000  1099.000000  0.171067  1.000000 
