2_400.jpg
61, 1516, 767, 397
3_1000.jpg
136, 75, 157, 285
88, 300, 125, 251
48, 1101, 91, 129
98, 498, 67, 137
3_1200.jpg
48, 1077, 121, 345
40, 900, 113, 147
164, 67, 159, 287
96, 270, 153, 265
108, 442, 101, 179
3_1400.jpg
150, 1691, 133, 225
150, 75, 161, 293
104, 288, 117, 269
110, 467, 83, 175
3_1600.jpg
86, 1281, 91, 159
102, 282, 147, 275
94, 469, 119, 183
148, 75, 169, 291
3_1800.jpg
156, 296, 133, 251
128, 444, 121, 191
190, 71, 165, 299
3_200.jpg
128, 908, 77, 93
224, 7, 147, 267
176, 204, 119, 257
180, 385, 87, 155
3_2000.jpg
180, 1178, 73, 93
236, 91, 159, 285
210, 328, 119, 235
212, 496, 83, 153
3_400.jpg
75, 1503, 181, 301
72, 294, 143, 229
64, 480, 103, 133
138, 61, 149, 275
3_600.jpg
50, 1007, 93, 137
126, 59, 175, 285
98, 278, 129, 237
76, 478, 95, 129
3_800.jpg
93, 1263, 265, 413
52, 1180, 95, 105
48, 920, 67, 97
120, 47, 183, 305
94, 300, 127, 223
88, 484, 89, 135
4_1000.jpg
102, 1525, 195, 319
48, 1241, 99, 123
12, 832, 69, 127
4_1200.jpg
36, 874, 131, 207
134, 1507, 199, 311
100, 1232, 75, 129
4_1400.jpg
2, 1400, 693, 501
142, 1252, 79, 113
96, 812, 61, 105
4_1600.jpg
239, 1473, 715, 439
176, 1555, 115, 197
130, 1292, 75, 115
110, 1088, 65, 89
82, 870, 59, 79
4_1800.jpg
166, 1527, 181, 329
132, 1274, 77, 107
108, 1036, 87, 103
94, 852, 65, 71
4_200.jpg
254, 1513, 187, 331
212, 1226, 79, 147
150, 900, 103, 133
154, 830, 63, 83
192, 215, 269, 665
4_2000.jpg
428, 1461, 173, 319
384, 806, 75, 67
440, 1204, 69, 121
4_2200.jpg
432, 1557, 97, 129
398, 1387, 85, 161
390, 1247, 63, 109
358, 1026, 81, 101
344, 956, 59, 55
4_2400.jpg
262, 477, 225, 511
330, 1613, 123, 181
328, 1265, 79, 205
304, 1046, 73, 95
4_2600.jpg
294, 1125, 275, 401
326, 1529, 135, 313
308, 1356, 85, 157
302, 532, 129, 311
278, 770, 97, 175
4_2800.jpg
385, 1, 387, 419
334, 81, 81, 175
314, 275, 189, 439
284, 652, 141, 227
270, 862, 67, 143
278, 1188, 59, 101
4_3000.jpg
136, 450, 55, 71
138, 271, 55, 115
84, 1, 297, 271
4_3200.jpg
326, 1372, 141, 125
304, 746, 75, 79
294, 529, 75, 97
304, 1264, 61, 79
4_3400.jpg
382, 293, 87, 299
380, 708, 73, 171
418, 1308, 81, 187
416, 1, 133, 222
4_3600.jpg
188, 1, 889, 585
212, 411, 61, 129
244, 545, 233, 359
302, 1449, 73, 107
4_3800.jpg
316, 846, 101, 109
332, 35, 123, 247
4_400.jpg
124, 1, 327, 629
158, 1229, 115, 187
212, 1511, 193, 317
108, 902, 65, 85
80, 838, 59, 63
128, 1042, 63, 127
4_4000.jpg
144, 711, 195, 253
120, 896, 93, 103
4_4200.jpg
654, 1693, 93, 151
4_4400.jpg
620, 1788, 223, 125
508, 1478, 137, 245
500, 1129, 99, 141
478, 851, 75, 69
4_4600.jpg
432, 1403, 217, 359
378, 946, 65, 101
380, 820, 31, 39
396, 295, 377, 489
4_4800.jpg
412, 1796, 89, 79
310, 1355, 91, 109
260, 983, 61, 53
254, 800, 55, 53
4_5000.jpg
284, 1447, 213, 291
4_600.jpg
161, 1170, 645, 739
180, 1511, 195, 313
104, 1072, 79, 85
108, 904, 91, 127
70, 822, 67, 75
167, 2, 399, 443
4_800.jpg
110, 1463, 203, 329
74, 1202, 73, 115
44, 942, 65, 181
16, 794, 65, 57
42, 570, 53, 153
